0
[-24.84615349   0.89358165   0.58202371  -6.70739172  -5.47609702  -2.35330935  -0.28927273  -2.09251911  -0.998673    -2.21762971]

1
[30.66310441  0.59384848 -1.41944624 -1.97225028  1.00164494  4.53109652 -2.34584331 -0.5880202   5.2696063   5.66264795]

0
[-17.33460726   1.15844127  -7.91068157   1.39406939  -3.81333239   2.88280921   7.08897999  -7.11840664   8.96225255  -5.9959747 ]

1
[ 24.11703531 -26.7420442   -2.82569929   2.54028274   1.97302313  -5.1848851    6.54078135  -0.33465511   2.73865544   5.89039309]

0
[-19.6533088   -2.01122199 -10.18743219   5.25647807   2.96774935   2.21956126  -4.02489429  -3.4481228    2.31411122  -5.41089142]

1
[ 22.3516826  -28.57480922  -1.75454383   2.49002282  -1.73505899   1.29156854   2.81724947   2.48390706   4.12213874   4.903083  ]

0
[-29.83957973   0.10371616  -1.63244619   2.0667379  -12.54433479  -5.82015884   4.14880094  -0.11668676  -4.31285742   2.99610645]

0
[-18.65056408   4.443235    -8.90949668   6.38182059  -8.71884351  -4.99218608  -1.67786104  -4.65663138  -1.03993752  -3.88583377]

1
[ 20.48683884 -21.17668469   0.17255024  -4.29130428   2.54705903  -2.58027109   5.27883471  -4.28450524  -4.10841943  12.57066407]

1
[ 20.77758134 -20.5506896    1.28638495  -7.49804091  -2.65930676   6.5168341   -0.84823648  -2.65504648  -1.66535692   7.98974581]

0
[-19.23763266   7.87797408  -0.43157943   0.87268173   5.15155961   5.56717632   8.97534587  -1.26728646   3.88856345  -0.58209544]

0
[-17.73721758   4.80160303   2.58067749  -1.06758235  11.96956218   4.59296443  -5.33016625   0.43690222   6.24727344   0.56423888]

0
[-14.3585393   -0.34034137 -15.37806923   7.99853532   2.34242932   1.38832058  -6.61644959  -0.47675549   3.82125685  -1.02152899]

1
[ 20.55156591 -25.9108637   -2.01978605  -0.99003947  -3.06243427   7.27754889   5.16658587  -2.10419063  -3.45682571   4.62146906]

1
[ 22.07736498 -16.05006037   2.02928242  -5.12222527  -2.84207546  12.65025273   1.40487555  -3.61334193  -1.23137018   7.54551358]

0
[-16.81960582   0.53340967  -7.08438281  10.77813524   3.92540705   3.61904029 -10.50746429  -1.62418322  -4.44135093   1.05202678]

0
[-21.70950423   4.23036826   4.95052331  -0.21984682   8.50984741   5.47514915   0.73634155   8.65341248 -12.78092496  -2.47693585]

0
[-24.70999451   5.77892378   0.49015928   0.24631679   6.20334146   0.78946083  -4.0441051    6.96719385  -1.38718325   4.53729364]

1
[ 24.71432663 -23.46577951  -4.13560103  -2.62869686  -0.96979   7.84878042   3.35037302   5.71457502  -1.91935093   2.07842931]

1
[ 27.9884305  -10.41330782  -5.48270217  -9.12107604   2.14356772   1.63164384   4.79247933  -1.64016123  -1.88070972  10.62392405]

1
[ 22.23437662 -20.66187257  -5.03046585  -6.53298731  -0.68528949  -4.21249722   4.77519671  -5.44772953  -4.36543066   6.92805952]

1
[29.93912941  0.36064929 -2.87159211 -3.66712978  0.84572838  8.4673886  2.06204021 -3.0325646   1.55873627 10.60809565]

1
[25.99802523 17.2895509  -7.6722767   0.29277136  3.14338992  3.46220819  3.33420373 -6.92819747  1.79580467  5.83015054]

0
[-13.70979965   0.37156282  -0.26468334  13.31130622  11.80879054   2.51622138  -2.38487757  -5.37341049  -7.77590554  -4.26125542]

1
[ 19.1058276  -29.23998978  -0.50837445  -3.01126673   4.47135699  -9.20775586   9.17599191  -2.20312762  -8.60085367   6.51816233]

0
[-17.37694657   2.07722205  -8.25981602  12.6176893    4.62324616   1.83705718  -5.86852025  -2.13796478  -2.74445719  -1.59041952]

0
[-22.49139361   3.06683761   3.42111218  -0.49451077   4.46113116   0.88694533  -1.37636697  -3.79121332  -4.12218191   1.51857975]

1
[  5.75362318 -38.26115999   2.1379999   -3.02929988  -0.21100864  -0.63033271   2.9698483   -5.77868557  -4.0065104   -6.16810971]

0
[-21.97688489  -1.51632972  -6.08232889   6.84134372  -5.26876939  -2.93925393  -9.29138803  -1.95168667  -6.6278599    1.00146436]

1
[ 16.63308429 -33.31513247  -4.74853226   1.36237264   0.23269817  -8.44663126   9.87294178  -3.55226722  -6.72830451   5.28340729]

0
[-17.50997052   7.55477511  -0.77217118  10.91516721  11.69947261   4.07020168  -3.97671501   0.93007674  -4.73793323   1.81629758]

1
[ 11.23682022 -33.91591761   1.22676478  -3.11594148   0.8377208  -8.32948406  12.42728261  -6.4923456   -7.95394656  -1.35989724]

0
[-2.40905207e+01  1.84377864e+00 -1.19158527e+01  7.72203113e+00 -5.86795555e+00 -2.16111477e+00 -3.26850117e+00  2.14041849e-02  6.55804997e-01 -3.19906365e+00]

0
[-25.68939217   2.52028083  -7.43635107   2.26001673  -2.29275898  -3.69443     -1.69288221  -0.77946353   1.51996182   6.44855949]

1
[ 15.84410316 -36.52982739  -1.7090381    2.065542     1.99789072  -2.97820644   2.26795741   3.710989     4.92079443   2.07857737]

1
[  7.36937589 -34.44607558  -2.87064106  -0.49339145   5.90762616  -5.08865206   7.47249092  -6.76786116  -3.01187478  -0.33991254]

0
[-24.94549791   6.06584835  -4.11200873   7.22021808   3.93922918   0.1416255    0.65576117   8.47516568   4.8910678    3.25800298]

0
[-11.93616806  -2.94048104  -8.68185736   7.47963662   8.9953036   0.86636189  -6.09662043  -5.45785789   3.6591883    3.20797233]

0
[-18.294255     1.83209407 -10.19959574  13.46796056   5.50576638  -0.86842963  -9.51915451   1.844377     2.36072933   2.24685623]

1
[ 19.10366302 -32.43986389  -4.91032423   4.34180005  -3.67630186   2.16230573   0.51272156  -2.62406805  -2.54462497  -1.20739391]

1
[ 20.41532886 -24.08417066  -5.40617772   1.11384619   3.13599262  -8.49144379  10.99407975  -2.05916985  -1.83056243   8.57813773]

0
[-24.49898772   4.17120439  -6.06151212   7.0911505    4.32322333  -1.23828831  -6.59722518   1.69584014  -0.35268503   5.99522195]

0
[-13.47441783   0.73484289 -11.93174014  13.51149118  -0.42513439  -1.25160646  -8.57917153  -3.46704997   0.14903301   0.90147885]

0
[-13.75375332   2.35359942  -6.6029713   13.55283944  10.86832144  -0.41847826  -8.29344823  -2.68947348  -4.40193072   1.40562096]

1
[ 17.20061277 -36.09563888  -3.05973862   4.92284942  -1.70843786  -2.01063627   5.16675787  -2.15867741  -4.13874818   0.37783984]

1
[ 16.61205334 -26.61434354  -3.56090385  -3.85400637   6.03890643 -16.85015296  13.30852958   7.27177062  -2.68206711   3.57585468]

1
[  9.78082969 -35.04463848  -1.01413404   1.20461847   5.5229205 -11.52249642  14.01130715  -5.02758379  -7.53561594  -2.69609806]

1
[ 23.08286155 -23.05392013  -5.54720959  11.72822562   1.64859309  -1.40346495   5.71934315   1.97363011   5.55181366   1.842931  ]

1
[ 20.24383672 -27.04173076  -8.97630288   1.02607284   3.45050761 -10.31604762   7.23307783   0.98535439   0.32735888   9.82906453]

0
[-27.40564962   4.52068155  -1.61676823   1.47992989   0.65488022  -0.70339774  -3.31276764   4.5483702   -2.44471089   4.08961207]

1
[ 20.41865179 -27.57589776 -10.33131658  11.1732322    2.55487041  -6.10924316   5.25165236   1.02299318   3.57677946   1.8105354 ]

0
[-20.90367015   3.11436521  -6.74959904   7.93982162   7.37288142  -0.06235226  -4.3311966   -2.09490096  -0.31572742   2.14060208]

0
[-18.71166537   3.15985712  -1.92495995  -0.68035759 -11.88002231   3.63224751   0.20529146  -7.16924951   7.6188056   -2.78862378]

1
[ 25.34717584  13.0671088  -11.86164916  -3.33650587   5.34356458  -4.78331947   4.38120987   2.88818623   5.43291953  -3.74510814]

0
[-2.17012936e+01  6.09859925e+00 -3.45142814e-01 -7.53098353e-03  2.24847229e-01  3.57632916e+00 -3.44787484e+00 -2.39594918e+00 -5.17565172e+00  7.08747054e-01]

1
[ 26.78787804 -11.08305524  -5.2559628   -6.57372417   8.69286969  -7.50612689   8.37220255   2.66580691   0.58588494   8.19058153]

0
[-20.88640954   3.00085286   1.71953149  -2.2552349   -5.18027893   3.72923385   0.48518734  -3.07016552   5.36479631  -4.50741819]

1
[ 24.95023278  -5.56116148 -14.21699781   4.6720035    5.14567279  -4.8849619   10.01102961   5.62734883   6.01705172   1.09919529]

0
[-20.99143484   1.78672272  -4.26091961  -6.08019176  -8.44323864   4.45708573   2.65829366  -5.59483455   7.57126613  -0.89664383]

0
[-23.71626765   4.33399169   4.4715558   -8.99006193 -17.02016589   2.21768276   4.4728068   -0.35701128   5.48843518  -1.53279263]

1
[24.83740811 20.11073455 -4.48340884  6.02452205 -2.71327488  3.27433839  4.0567222   3.20200749 -5.77677614  3.22820322]

1
[28.29426707 -0.89123592  0.40000704  6.064438    6.41787326 -9.7741724 -3.12177456  0.86220236  3.69797439  0.85016399]

0
[-18.70964543   7.45872905   5.12291642  -2.34829211   3.50688436   5.80010012  10.87304135  -2.27475249   2.23630852  -1.20605401]

0
[-25.85761129   5.03394106   2.2032254   -2.33751247  -0.16009058   3.6727434    7.14145844   4.53870067   3.59606239  -2.03916553]

0
[-23.21485016   5.61731614   0.9893775   -3.82144266  -2.45984213   6.0864622    3.00900052   0.66984401   6.07501431  -2.15666433]

1
[ 20.91633108 -26.28025033  -8.5541431    2.01665507   6.54555559 -12.72370098  10.94390932   3.54913097  -0.88921103   0.7733918 ]

1
[25.80262414 15.87239941 -7.57305259 -2.8065434   4.06857888 -0.56651098  0.82533842 -0.69525506 -0.35109574 -2.56509232]

0
[-19.31277574   2.67223448   1.17408145   1.01758654  -4.43725745   3.17077635   2.72711008  -5.46989309  -0.0238145   -1.18389285]

0
[-23.36720893  -1.97704901  -2.10588445   2.26854195  -0.73965224   1.38104715   5.67437874  -0.42762992   8.45852897  -5.65256596]

0
[-19.35773496   3.80502525  -0.79564539  -0.9255341   -8.18622557   1.55480803  -1.41276734  -5.16894854  -0.97791963  -1.78584448]

1
[ 29.61638264   0.60766499  -9.10043346 -10.47849129   5.83673496  -4.75945905   9.23160738   5.30998527   4.34868142   0.19493976]

1
[26.72665425 -7.66548073 -4.78139516 -6.22620451  6.26888291 -9.39538056 15.51930118  8.63277434  0.55276678  3.59028795]

1
[28.17499329  7.94469875 -9.01506644 -5.49058784  7.91446568 -7.71182211 -1.15050588  5.02167128  4.47888161  0.73181302]

1
[29.67963481 14.8396322   3.38863345 -0.85000188  2.05301101  2.36348181 -3.99529818 -0.89607648  0.64666471  2.94447604]

1
[ 28.49472553   8.17065366  -2.91209835 -11.93828475   1.77531816  -7.7122766  -12.34334809   2.12969791  -0.57562907  -1.1882566 ]

0
[-15.80861713   3.93124651   3.20492467   2.68015189   6.44384442   9.22084983  -0.48620741  -1.11589952  -6.11074098  -6.17109545]

1
[ 13.95005627  25.59891385 -10.82821696   5.0447465   -8.22672995   7.87885835   8.32079654   1.89530556  -3.25214619   0.45751657]

0
[-22.12685741   4.91208074   3.29289158   4.02855106   6.88718592   4.9944421    1.24721912   1.66939119  -3.40733408  -3.6476381 ]

0
[-24.82921721   3.23372041   3.61144304   1.2897376    3.20188878  -1.21905434  -7.76432123   7.55870073 -11.1478731    3.26600659]

1
[  8.90700718 -35.1828955    2.69537017   2.29025835  -3.3005407   7.0788745   -6.5226729    4.97511945   1.67047345  -5.70958241]

0
[-2.61904839e+01 -7.82087065e-01 -4.61345281e+00  2.65051459e+00  3.02581046e-01  1.20157142e-02 -5.17777677e+00  3.28732111e+00 -3.23685977e+00  1.89273913e+00]

1
[ 20.6032371  -15.07782708  -3.26785204   3.61409369  -4.10731568   6.23904347 -11.55339137   0.26641287   3.47529118   1.17290598]

0
[-23.52960514   1.32769699  -5.03493365   5.24927155   7.11969869   0.6190168   -5.13138208   0.07994726  -1.99898282   4.12596951]

1
[ 18.99786537 -23.4537097   -8.07027747   8.88138432  -2.21432851   0.64744399  -6.07444902   1.57560262   5.88765597   0.23467158]

0
[-20.80067185   1.57964697 -10.50344058   2.51770101  -5.05200638  -4.38719999  -8.90671175  -3.09215386  -5.80482174   3.33950962]

0
[-23.79042091   0.73062788   0.62780067   1.37873184  -3.88779982  -2.63532128  -8.06398744   0.74872093 -11.24179101   0.05262818]

1
[ 17.39775864 -29.82740299  -0.07735044   3.5643835   -0.88776756   0.8217896   -6.85820008  -1.25873654  -0.41063956   4.4384477 ]

1
[ 20.14639209 -15.8045713    4.22486203   0.10274204  -4.09946105   9.00223451  -9.17863796   0.99021123   4.01525486   2.69205824]

0
[-25.41512219   3.35606294   0.39201507   2.17662625   7.17644359   2.97798224   0.78030197   3.00684843  -1.35547217   4.24074136]

0
[-1.98716247e+01 -1.16232960e-02 -1.31370574e+00  8.37645487e-01  7.42935120e+00  3.11209589e+00 -5.75255266e+00 -4.66324697e+00 -9.95147134e-01  4.41351938e+00]

0
[-27.18518378   1.11921326   3.61379699  -3.9673162    2.52509197  -1.5333028    0.83126805   6.16054294  -1.50759198   3.81070554]

1
[17.439122    4.53276676 32.4309249   3.91096311 -7.72896214 -0.81192299  2.39324408 -1.98220096 -2.087008    1.04889552]

1
[ 21.97156238 -29.64830524   1.53242806   5.30194047  -2.06262171   6.160104     0.8076038    3.59592706   4.34339665   0.45755041]

0
[-22.42913941  -0.90169517  -5.94727441  -2.17464366  -0.52725065  -4.27178743  -4.89829425  -2.17680202   0.14150248   2.40071285]

0
[-27.10692892   0.90284935  -1.94548381  -4.40712219   0.58710601  -4.66812937   0.80977582   1.48890463  -1.25973206   3.24229227]

0
[-21.67332711   1.38113406   3.37920692   8.13957378  11.19133173   5.11615695  -4.71426995   6.332474    -3.33617665   1.31078553]

1
[ 25.38492518 -10.80974656   1.66730219   0.19958017  -3.6455574  11.11677111  -3.85732601  -2.87756344   3.63126717   5.37396701]

1
[ 24.8886208  -10.30919034  -2.72731206   7.48449047   0.43871591   5.25536669   4.00318834  -5.18628718   3.83573822   9.34164779]

1
[ 23.71137892 -24.90277497   3.57797761  -1.28367815   1.77400516   0.68364909   5.32430591  -0.11015816   0.05102169   7.70715631]

1
[ 22.1218972  -19.6029967   -3.34231893   5.48594934  -4.96256801   8.45240711  -4.70218618   3.57583304   8.22563957  -1.67937533]

1
[ 19.76529113 -18.1793131    2.33734678   7.87150844  -6.39447221  11.63733567  -6.00580291   3.11263925   5.37696215   2.09286602]

0
[-19.66216914   0.39691781  -1.59181011   3.60228198   5.83324596  -3.93484005 -10.15357853  -0.90518346  -7.9329877    4.94242244]

1
[ 16.99599299 -29.02217593  -2.8707462   10.26562908  -3.80302787   5.47314969  -4.41932789   1.81349409   2.77580119   1.01190073]

0
[-23.15824915  -1.14115333  -0.43262046  -4.14634247   2.56216709   3.82510343  -0.97249663  -0.58088661   4.41082783   0.64928077]

0
[-24.78929597  -4.65974965  -2.03007357   0.39628758  -2.88086778  -4.7779956   -4.34512589   0.35287187  -1.00644508   0.84443138]

1
[ 22.33928065   5.2500634   31.28781787   9.61657144  -0.54675415 -11.61881741  -3.35023455  -0.09025109   4.07284647  -2.42455908]

0
[-20.18819636  -3.16892788   6.37323869  -8.00853417   3.88624379   2.56414609   5.03330891  -0.12045297   9.2819189   -1.66881658]

1
[16.30375977 11.18701907 32.76336777  3.53606559 -4.27573561 -3.99121931  1.14281338 -0.16128464  0.84848439 -2.8201009 ]

0
[-23.21924146  -3.46623831  -4.5633305   -9.55092228  -3.86833087  -7.64661972  -3.0261353    2.83415807  -1.6697962    0.76947105]

1
[20.12110097 12.73711559 27.62664314  9.77509559 -3.25998974 -5.11131007  1.51128915  4.05005184  1.94249137 -0.97940268]

0
[-24.71383036  -4.10530262  -4.93939863  -2.76651566  -0.89425641  -5.04675236  -1.87916833  -1.62261141   0.64553877   4.53399735]

0
[-23.67627863  -1.90007818   4.29027326  -8.16574066   8.4271253   2.16533184   5.6286427    8.99569275   0.15131995  -0.78144527]

1
[18.1750009  11.51138189 27.94381023 13.67381298 -3.89171447  1.71306743  5.02305766 -2.03057887  0.85816666  1.05937404]

1
[17.93137968 10.40539256 16.45205468 15.59589473  5.61059789 -6.0648297  3.87323065 -2.89505021  5.4872755   1.23763658]

0
[-21.19753368  -5.03191494   4.14627237  -2.31855024   6.6470418  -1.38100978   3.36899261   0.96621719  -1.49139228  -2.17580379]

0
[-29.12206581   0.30280812   4.48693342  -0.80627494   8.28073202   2.1522507    2.23755463  13.72314244   2.7994028    0.1563027 ]

0
[-21.85123521  -6.02359961  -2.95454939  -5.65042331  -4.2726089  -2.42159005   3.25758408  -4.0356958    6.0013412   -5.3851872 ]

1
[16.02916382 15.7337196  27.34452444 15.56562266 -4.41205377 -2.1069197  8.2743369  -1.49166068  0.70246729  0.72230428]

1
[17.06654975  8.49283098 22.27833532 15.56314537  3.15560428 -2.22729002  7.87142434 -3.56261639  2.48100707  4.66881248]

0
[-14.74605022  -5.4501003   -3.98476029   2.03362848   2.06299462   1.04722729 -11.00998451  -6.73689408  -7.67689259  -3.16354755]

0
[-20.47997685  -4.94288346   0.5153229  -13.44217398   2.63120588  -5.11664985  -3.33817392   1.89160183  -6.44183011   0.59951429]

0
[-20.59371971  -6.47777602  -2.33185537  -5.13075184   1.71972737  -5.80658606  -3.90525392  -0.20862404   1.99984254   1.4781374 ]

1
[19.58034524 12.74929354 23.48666036  9.93569685  4.74695119 -4.59962241  3.81396576  0.15425127  4.96237698 -0.52949025]

1
[21.52191842  6.50674704 22.6163787  14.99927776  0.31442729 -2.18051779  3.69849682 -1.32554369 -0.02815541  3.13795784]

1
[15.26211275 17.28045665 19.21050874  8.78658468  3.9118132  -1.03710161  5.99466028 -3.71417263  3.5127641  -1.97954224]

1
[25.98973898  5.17893426 28.38828867  7.32356485  3.46647304 -7.97488694 -3.6376379   1.11837036  5.60443426 -1.57420663]

1
[21.33766706  5.27547552 -4.51135717 15.75800736 -1.08025515  0.75088473 -0.96081696  7.5933044   3.97674131 -0.15166708]

0
[-23.85668679  -8.04762275   0.76594164 -13.56328773  -8.64661766 -11.48893975   1.83785934   1.82894195   0.1574457   -1.31277291]

1
[25.21323285 -4.72772972 22.68755582  7.38688468  7.7460173  -7.22352202 -5.18158945 -3.11599787  5.38738476 -0.70947276]

0
[-26.45510778  -2.96500263  -1.69597909  -3.05018092   0.76470548  -2.04568473  -0.42966492   2.70191825   0.51152296  -0.34346777]

0
[-24.72557361   4.27689739  -2.23713665   4.00264874  -8.51748399  -1.43843483  -1.133373    -1.59691446   5.43779027  -1.6035461 ]

1
[ 27.54780817   6.92466405 -12.8278379   -2.37480284  -1.85435828  -0.81128857   3.13118861   1.87145802  -2.25272561  -4.6778902 ]

0
[-1.83859915e+01 -7.69339246e-03 -2.75562680e+00 -9.56761966e+00 -1.48245010e+01 -5.36089856e+00 -1.09379264e+00  6.50499048e-01 -3.16836782e+00  2.21976364e+00]

1
[20.96153915 16.16604319 -8.46622569  9.55821444 -5.26008531  6.51035609  2.71615398  2.44377006 -0.98426106  3.93679019]

0
[-21.07664677   3.94158362  -5.28455105   7.35652435  -8.18370818  -2.08296426   0.11890752  -4.037009     4.49557272   0.57361277]

1
[17.5933086  18.63445868 -7.47707217  7.85066633  0.63415877  7.02331093  7.42879485 -1.92692109  2.28949628  3.62159455]

0
[-18.24739855   1.09824501  -0.10104781  -1.95949071  -4.10882485  -2.15002073   0.50607671 -10.69098567  -0.14734023  -2.04680696]

0
[-25.72399942  -0.24175323  -1.91198176   2.36454773   1.58333096  -1.41495688  -6.36167985   3.40874716   1.27652671   3.97553806]

1
[ 22.93071653   0.77467964 -21.19120373   2.85000083  -2.91994363  -6.07207341   2.36508418   3.87317678   6.3900212   -9.0204896 ]

1
[ 20.98540329   0.88207188 -19.50884141   4.9548334   -0.88309703  -3.45935119   4.70137543   4.78427255   3.58120375  -6.42224051]

0
[-20.81051134   0.43474445  -3.93036988   2.69566291   5.66438304  -1.67774634  -7.0230734   -2.69383526   7.02272811   3.90674856]

0
[-18.34937439   5.57050278  -2.15325315 -10.50377251  -6.3405252  -5.76025127  -4.41847186  -3.03910602   7.44772697   2.07568005]

0
[ -6.26958008  -8.27621978 -11.01406871   7.120761    -0.48153574   1.39932348  -9.106388    -6.44916824   8.7840643    0.68299312]

1
[29.52049808 -2.06390883 -4.27344699 -5.33003192 -1.67949537 -5.97851059 -8.36278172  5.9035799   4.06693893 -4.94814546]

1
[ 18.11577379   8.54383632 -15.48824495   2.17841712   4.06314166   6.71392044  11.31956287  -2.11997542   0.48610438  -4.40996211]

0
[-19.23459424  -3.60781083  -6.13845984   2.37147871  -0.31641507  -4.7762345   -5.7809711   -3.49361744   8.03063415   1.02931815]

0
[-22.0598246    3.20466577  -8.90027337   1.19550728  -5.04530078  -4.58797025  -3.68967967   1.8308703    7.26773395   2.17498015]

0
[-20.90743992   3.10702361   0.4322858    2.74869495   0.98248671   2.22235384  -0.30753909  -4.89030252   0.7821711   -0.46774709]

1
[ 29.47427165  -7.07001201  -8.58788551 -11.70748744  -0.64419158  -5.17800912  -8.04398229   3.43971471   5.26146688  -3.8772705 ]

1
[ 12.75526479  15.45146939 -17.19888281   1.14442591  -4.27647058   8.22753434  12.1676256   -0.322394    -7.16264038 -11.47203179]

1
[ 15.32819599  18.2738016  -17.23993538   5.40946844  -9.71734571   5.17298957   9.34623802   7.46830681  -4.55220123  -3.48135208]

1
[ 19.70776725  11.72499365 -17.21578387   4.4998855   -6.05269839   3.94404881   6.56962557   1.53587398  -1.89009984   0.13943961]

1
[ 18.84609688   6.20698755 -17.97703898  -1.15919262   0.68733867   7.53949741  12.29898523  -3.68571331  -3.65412018  -8.88494441]

0
[-19.09006729   0.51881307  -0.98052698   4.06626616   3.83507495   7.390832    -2.56582396  -2.93694985   4.57045026   0.94786105]

1
[ 21.19580886   6.46916048 -19.01589134  -2.97136013   2.84152507  -4.20095241   8.56152043   0.47695898  -2.76324156 -10.34252001]

0
[-19.02608711  -0.27036637  -4.00011908  -2.92502378  -0.40438227  -0.7640343   -6.29886671  -1.40709222   8.29399392   2.82774478]

0
[-21.49449916   4.03195027   8.55958082 -13.36508848  -7.09705975   2.54929628   8.58339123  -0.95810487   5.11395033  -4.98966073]

1
[ 30.97178776  13.79163798   0.86808938 -12.37478047   2.32392639  -4.69946327  -6.64800981   0.87451912  -2.11025972  -2.26346821]

0
[-30.12154425   1.6325751    0.45627961  -4.30415984  -3.59557569   0.80310613   7.81765285   8.4650131    4.54349002   0.26681843]

1
[ 25.08009849   0.56567941   3.0720005  -11.80036422   0.99150799  -3.51402538  -9.89397622   7.42791267   2.32963272   1.6022773 ]

0
[-20.51825293   8.11549528   1.70347697 -10.14029554  -6.46646624   3.20270676   8.96201782  -6.68184773   8.82379468  -1.43140063]

1
[30.46984426  4.41185923 -6.23746606 -9.11124464  1.05969581 -7.35941114 -6.38732197  3.59669055  4.69689058 -2.27296782]

0
[-24.68085595   3.51762954   2.56319099  -2.8980302    1.30423293   2.44033967   6.16444178  -0.72603022   6.03105374  -2.19067421]

0
[-25.09680561   1.40503058  -2.3721933   -1.18980901  -2.27584103   1.55957559   3.84499188  -0.30308498   7.49062234  -0.16706816]

1
[ 15.26585356   4.7220898  -13.8039382   17.16991965  -3.96284799   1.60214633   2.98292259   9.35690529  -2.48036034   1.40043904]

1
[ 21.97742853  14.1431516  -10.47923313   4.61977682  -3.11711719   1.45225812   2.49830602   9.1767443   -3.99992076  -2.74262311]

0
[-15.21799224  -0.63366788  -6.4573621    5.88664474   2.10190311  -3.46750312  -1.51886001  -4.55921354  -8.44142505  -6.67058701]

0
[-16.77206626  -1.59830606  -8.4242756   -0.74722046  -3.62825606   1.46884159   2.33787845  -7.95792805   2.84015323 -10.28692029]

0
[-23.42603657   1.58987076  -6.31685227   4.73004357  -9.95295644  -7.05079979   5.80133618  -3.22932913   2.99532958  -0.22319054]

1
[ 12.8969148   16.0765135   29.46406998  10.14258936 -12.94985503   4.64314721   2.5703546    7.18964717  -4.40256063  -1.14409455]

1
[ 23.98645997  -0.58507865 -10.86275305   1.0976255   -2.03843096 -13.59458188  -7.87853709   7.40011132  -1.67474614  -6.19679919]

0
[-22.10436879  -0.19403743  -9.14359656   5.66717399  -0.22025669  -1.83675353  -2.54809928  -4.56400159   6.11953222  -4.53453513]

0
[-13.97802533  -1.2701689  -14.90097485   9.86838145  -7.50855455  -2.66127299  -5.85104988  -2.81446838   2.97634942  -1.70385683]

0
[-23.44262174   1.7091509    5.79943185  -8.52945885  -0.68955047  -4.05025005  -1.09205669   1.35481055  -6.82538711  -0.90301449]

1
[17.68822069 24.5572897  -3.76580103 11.00612572 -5.75941358  1.98653067  5.58682046  4.03779165 -8.44800502  2.4710951 ]

1
[ 21.43387664  14.81951598 -14.7082552   -2.89378022   5.20049556  -7.3561157    5.16688517   3.0349816   -1.23015895  -7.28405311]

1
[27.97471087 14.94902982 -7.41041798 -6.96160377 -2.44165657 -0.38176335  2.65700214 -0.70662786  2.48172501 -3.50053608]

1
[27.44963784 13.58402702 -5.64233394 -2.01521105 -0.09429862  1.45319876  0.55697063  0.90351947  3.86230968  1.40228863]

1
[29.45554609 12.60258634 -4.40462265 -7.71220766  3.42162622 -6.324841 -2.09841218  3.82954235 -1.26173156 -3.5904491 ]

0
[-24.88688988   1.7508214    3.23758827  -4.02969383  -6.41822476  -1.9845106    3.09327414   0.10137084  -1.25713993  -3.45059165]

1
[ 26.55257424  -3.36853449 -15.58763954  -5.75964792   0.99139586 -11.62095494  -2.91662176   3.77146315  -0.63714509 -10.14444129]

0
[-16.32955242  -3.4296998   -0.58582543  -0.77334453   6.28742876  -4.48844367   7.80570236 -11.07892339   4.52767788  -1.21897523]

1
[ 15.95902662  16.68151839  28.60141555   6.93034223 -10.77055394   2.81871433   1.86184646   1.35097039  -1.34271255  -3.17247367]

0
[-24.41200595   3.11525313   6.7796689   -7.26739148   4.04126964   4.97952478  11.43226115   4.8636594    3.37789808  -1.36489904]

1
[ 18.01520557  13.31258421  30.12066385  10.56640588 -13.44208004   2.05388427   2.68929845   7.79376746  -5.60303188  -0.97210276]

0
[-23.86369054   3.39814607   5.14907191  -6.92418074   3.51342502   0.91306311   7.03318982   3.87553593   1.28788403   0.29342892]

1
[ 16.11966226  14.03534931  25.21943586   8.83928988 -12.2432924   9.82976377   3.88335743   1.43856858  -4.13317685   3.95916129]

0
[-23.70527463   1.73175371   2.23704924  -2.26388265   5.27255917  -0.23775464  -0.60134785  -2.97411956  -4.69460988   2.34095484]

0
[-24.93910553   1.70640464   7.4622673  -11.94303029  -3.11668881   1.05823827   7.41230953   1.69843423  -1.56300128   2.85503935]

1
[ 17.74047548  -5.79031433  28.56403765   6.13834755   6.59007213 -12.97970768 -11.36342999  -2.36427911   0.25071304  -6.13217978]

1
[13.01917878  4.09400851 33.43514421  8.44909305 -5.669108   -6.07494377 -1.32704821 -1.20771372 -1.85437987 -5.25149523]

0
[-23.56520934   1.59410435   7.19688393  -8.31284486   0.94040625  -0.52059686   0.96836426   1.72284238  -0.48208911   0.22546269]

1
[15.78631844  3.21828376 35.25140848  7.85453648 -7.3901227  -3.93219945  3.16337916 -2.52037217 -0.90261565  0.55414592]

1
[ 20.16169105   0.47331815  29.99276808   4.80092541   2.48533289 -11.01160857  -4.98351591  -4.30179441   0.98573579  -3.09173241]

0
[-25.41247829   2.07659107  10.05930049 -11.21813126   0.36152137  -0.83039789   4.92574891   7.42511244  -1.00872453   1.2270813 ]

0
[-20.91503397   1.71763815  11.72023146 -13.39796769  -9.74061785   0.35414322   5.09050957   2.11191838   3.15329625  -4.69372963]

0
[-22.42575176   3.40965013  12.87246768  -6.42316879   5.55053031   2.84494926   3.08077951   6.81279279 -10.0977281    1.16808307]

1
[18.8034296   2.9573049  32.95939209  9.91737969 -6.1484051  -3.81557152 -2.79959636 -0.39305604 -0.70686308  0.59029666]

1
[ 15.93731402  14.33188492  28.34547362  11.1442239  -11.21022162   2.91574814   5.25799728   0.54489138  -4.45286314  -0.0432134 ]

1
[19.28966227  6.6092378  31.72906253  8.09766001 -7.35190264 -5.9916203 -2.73813124  0.87160375 -0.36291219 -0.72153393]

1
[20.98611073  0.23725545 28.20469699  0.2881278   2.19020334 -9.7480374 -5.67186953 -3.5641985   2.06072065 -1.71748167]

1
[ 17.07744787   0.62750152  30.84619653   2.13013643   2.63863954 -11.37862931  -6.09627782  -3.22520848   3.75777637  -4.18765427]

0
[-26.36526996   4.70355758   1.84556165  -6.00304666  -1.31257531  -2.56918779   7.75710351   2.85066899  -2.97923121   4.96401045]

1
[ 15.39900097   7.29336369  32.38222062  11.55504503 -10.65437195  -0.39248834   2.37247041   0.55740542  -2.82674569   0.80876941]

0
[-21.31672058   1.59543006  14.31096332 -15.0929254    1.05150932   1.21128449  10.92804531  11.52559034  -0.02232312  -3.14884065]

0
[-22.76750869   3.01921236   1.42705747  -7.3872076   -2.86137303  -4.35390574   5.49039281  -4.85329933   2.15826726   2.87017741]

1
[ 20.08230038  -3.65646585 -14.20096027  10.77481851  -4.89572406  -5.5711006   -3.66137655   4.57569651   1.27441354  -3.68602822]

0
[-25.54537042   3.85162881   0.35749711   1.04339378   6.48500429  -1.14425593  -0.06627744  -0.66208743   0.22769656   4.69057593]

1
[24.59072331  3.17660606 -5.43274581  7.79738868 -1.75565571 -4.27548054 -3.08232963  3.55761198 -2.63939597 -1.26188528]

0
[-19.70245859   7.03150749   7.83564762  -0.84670614  15.28671399   4.75294273   3.11403756   3.59019802  -1.95361522   2.46728452]

1
[31.81037977 13.40173635 -0.55819638 -5.25631208  0.55962218 -2.17361328 -3.91182307 -0.31348611  0.92624356  1.43794165]

0
[-24.68065673   6.44753937   4.75607468  -6.07185116  10.55177528  -2.89021311   4.74410273   4.10425701  -4.64273181   4.22235535]

0
[-19.52800161   0.72356922   4.06984886   3.23397196  13.48958674   6.21669068  -1.77568275  -3.23933636  -1.9812449    0.92501381]

1
[ 20.25663405  13.2444302  -16.42386453   6.18512418  -3.85365911  -7.57676649   1.9969672    9.16717589  -3.73362552  -2.8655093 ]

1
[28.80119602 14.07253953 -4.99983654 -1.68704183  0.89744016  1.69137044 -2.86783449 -1.66633668 -0.7441678   1.30551415]

0
[-10.18484337   0.98475201  11.11082391  -3.64222799  18.52381036   2.44606466   6.96583017  -2.52748033   4.51245078  -3.26442338]

0
[-14.67758539   3.38555387  15.83884412  -8.54238444  19.36700553   4.39600482   5.3527529    5.03361282   4.7972007    0.4708461 ]

0
[-28.69609393   2.99458364   3.22043439   0.54391544   0.94723822  -3.1660559    0.63256736  12.19079773   7.22770253  -0.68572839]

1
[ 14.34493549  18.62974874 -14.98742731   0.613187     0.17234988   6.11379672  11.40289433  -5.29250754   0.24517292  -5.46164797]

1
[30.91791867 13.24555342 -1.30613715 -8.00712044  1.66198347 -1.40430865 -5.63558678 -1.79410504  3.21963972  1.11129303]

0
[-22.92472336   1.67574367   4.45533099  -7.20609463   4.09978925  -3.53342601  -0.52250327  -0.80662407  -6.16525001   3.85241336]

0
[-26.27040722   0.96754144   2.54159006   3.06361652   6.76283532  -1.06575553   1.35484888   7.8699648   10.61079423  -2.8772728 ]

0
[-28.83306581   4.92421697   5.23426393   2.25264011   9.57058498   3.83516304   9.02801607  11.35224863   3.07199058   1.89452772]

1
[23.20806153 20.07560423 -5.23958614 -1.23967891 -3.66121675  5.0363015  1.00160063 -2.81523413 -2.96808308  0.19129982]

1
[30.93020185  9.74709861  0.36364257 -4.2466549  -0.08029274 -3.05741468 -7.06418929  0.73854712  3.1306869   0.56432622]

1
[ 20.63356327   9.86789655 -14.32252276   1.70753612  -4.49612245 -16.53761317  -2.09057503  12.53822474  -6.94011936  -7.67672676]

1
[29.45786973  6.76163858 -6.80403077 -3.69080805  2.24756168 -1.76896595 -0.98410395  4.55606302  4.06134667 -2.88077217]

1
[20.98216809 18.35901484 -7.18044642 -4.97819124  7.93796187  0.40225031  5.47619011 -8.85762083 -1.57240313 -4.46094354]

0
[-23.20967744   0.58620815   2.32833529  -6.54922269   0.38287141  -9.83538638   5.14396693  -3.6502509   -0.21443295   4.41561111]

1
[27.52630089 18.40273986 -4.31162264 -2.1593443  -0.22355208  3.54735451  0.05308808 -0.76509358 -0.48599095  0.6131115 ]

0
[-24.16044484   3.05578782   7.49542239  -4.11541561   7.47790409   3.58101528   2.46876767   4.80651666   5.06144405   4.40896084]

0
[-22.51438555   0.403638     2.70585209  -5.10418957  -1.04008169   4.65063216   1.94469159  -3.86055432   0.18108168   3.28294049]

1
[ 23.33748936 -12.98231305  -3.5085115   -2.09042271  -3.4915799  14.81673758   1.82194599   3.05384071   1.80063778   3.33799475]

0
[-22.30047349   2.52396708   0.67932441  -8.48832438  -9.1036789  -1.89682956   1.24646393  -5.79829511  -0.77587343   0.33711694]

1
[ 21.51955178 -20.52039636  -2.06930937  -2.79978293  -3.19785155  13.11128234   2.64683705   0.96748816  -0.71896916   6.64015553]

0
[-18.06555542   2.42331745   3.70027254  -3.50645369 -10.72336491  -0.58589172  -2.68417957  -7.99770059  -5.70181584  -3.99031826]

1
[20.61387075 10.48154208 -3.17488097 -8.68822778 -0.61189251 17.78098008 -1.75736647 -1.73243065 -1.42385459 -3.18675088]

0
[-16.60763388   2.60804747   1.09849829  -9.0967284  -16.42620723  -3.44665612   3.3314972   -5.24006401  -2.57110289  -0.7898537 ]

0
[-27.19776119   0.51556879  -3.15283991  -0.19921944 -15.13903278  -3.49597078   4.69852751   1.40195905   7.85828834   1.85480586]

1
[26.31914335  8.36629691 -8.20270203 -0.2599056   0.30734358 -8.35442006 -3.56278155  6.59446985 -0.77026125 -2.99573908]

1
[23.655913   -5.95467964 -0.34769058 -9.58369604 -7.6197258  20.39132691 -2.67706597  3.82150371  2.60369603  3.8912866 ]

0
[-28.97325764  -2.57236166  -6.71293766  -1.05162181 -12.69208672  -6.88262419   1.47507294   5.45616271   1.50025559   5.93971936]

0
[-25.19682177  -0.97440702  -3.02742089  -4.14820558 -18.53035139  -4.81959897   1.42968525   2.79465278   2.84699167   3.08318075]

0
[-22.35863403   1.50743943  -2.07294005  -6.97365978 -11.9592548  -4.88782041  -0.98004667  -2.41120495  -6.80277594   6.22569734]

1
[ 32.52933451  13.05731859   3.92456605 -15.07105599   3.75937384  -0.4392496   -4.30920879  -6.63589447  -0.10336954  -0.41605168]

1
[21.52969316 20.6971304  -5.99760823 -0.59786321  1.41775659  2.22704312  2.81365724 -1.17363833 -3.99697957 -1.71712851]

0
[-1.73405744e+01  8.96926830e-04  1.59575980e+00 -8.95891618e+00 -1.89811596e+01  2.81618699e+00  1.83754559e+00 -4.75479088e+00 -1.39720325e-01 -8.20689665e-01]

0
[-19.16979885  -0.22333448   1.25352674 -12.81340897 -16.37741352  -7.6910539    1.29584943  -0.47177778  -4.65605849   1.52730521]

0
[-22.04642785  -1.98460099   0.9591802  -10.78593253 -14.00519263  -4.02872443   0.69399686  -2.5880054   -0.2536927    0.85058384]

1
[30.5971782  14.4592268  -3.262619   -9.37768744  1.42038159 -4.74691435 -6.61115451  0.92278965 -0.30990593 -2.19366089]

1
[ 20.25432402   5.59114374  -4.12339906 -12.9104065   -6.47669587  16.54463935  -9.83519623   9.35522979  -1.23744819   0.16506638]

1
[25.74889204 17.28026932 -7.6287796  -3.91908472  0.87741031  0.40544619  1.90593536 -1.23897515 -2.56222398 -1.26172223]

1
[24.71786007 16.2431618  -7.11622674 -1.23337663  3.97574659  1.70285378  4.85134547 -1.95833481 -2.09980234 -1.6399565 ]

1
[ 11.16839579  25.42144496  -7.95375579  -1.50956538   5.67617993   6.94042655   8.54592872 -11.51003493  -6.43048509  -7.69845287]

0
[-14.33343314  -0.40846319  -0.09562343   6.09596243  -1.44589914   0.22231133   0.31549891 -10.26710944 -12.38117804  -5.13314607]

1
[  7.00148052  21.59190162   0.90670765  -5.92807898   0.6696763  19.19812072   0.6338153  -10.27964922  -3.84896767  -2.43859394]

0
[-15.90357851   2.30535572   2.73467671 -16.03466966 -20.11392564  -5.30720749   1.70734036  -1.02010755  -0.67115109   0.3980282 ]

0
[-20.11556432   3.6257465    7.50964419  -2.93440007  14.32245466   8.72702861   9.65609937   1.26520047   0.62420632  -1.95747725]

1
[  2.62826749 -24.6152357    1.9341576  -12.39338931  -6.51581169  10.67707967  -8.29658136   2.38112039   1.5713061    0.53786777]

0
[-18.09115175  -4.08597722   0.3702453    3.31753714   2.75460555   3.13361416  -2.15823507 -10.34587826   1.65287467  -2.69421134]

1
[ 23.72643875   4.0291307    0.68234642 -10.35657708  -4.19154381  18.22208077  -6.68048698   0.18417433   0.5184874    5.64039443]

0
[-22.50358448   1.00729191   3.29320519   5.30363131   9.32918693   5.80135657   1.93332333  -2.41173173   1.94813728  -3.53190974]

1
[  2.53051295 -34.1683036    1.45496404  -2.31419934   5.95870274  -7.17615638  12.69776914 -10.35530125  -8.68842371  -1.286851  ]

0
[-28.56196603   4.87699877   2.40072096   3.1265306    6.96237682   3.67784007  -0.46333201   9.96010415  -6.78261044   1.23884728]

0
[-11.64833794   1.38795072 -11.25782407  10.99631347  -2.13608827  -9.18731724  -5.80832824  -6.83227436   2.86091694  -2.52627174]

1
[ 30.30064507  15.85716213   2.25312286 -12.44344294   5.31317492  -0.07995524  -4.45247236  -7.45954715   3.4575978    0.16638158]

1
[ 33.26344407  12.78266733   2.15070085 -13.2136764    4.86368086  -3.90635214  -5.20343174   0.34117682   1.88868277   2.12947326]

0
[-22.87222212   1.76894358  -1.2422077    5.09901382   1.33821524   2.97374373  -1.92103638  -4.0084596    4.12732682  -0.97722978]

0
[-23.00374348   1.39303305  -3.12094031   6.0164424    1.67181638   2.73284487  -5.26368704  -3.95885453   3.73305217   2.19460362]

0
[-28.552493     1.72961028  -5.1321712    2.23101791  -7.86358706  -5.99520758   1.62817257   3.31649521  -2.98302849   3.31436051]

1
[ 10.89988869 -28.78328736  -0.61780951   0.87205928  -2.25798894   8.75226748  -2.37511713  -4.05246051  -1.08414998   4.70783913]

1
[ 29.54131293  11.65370004  -1.73345198 -12.31599642   6.43790137  -3.69490905  -1.80449166   2.82403321   4.12341601  -1.91389264]

0
[-20.03388644  -0.11198151  -1.35970329  -3.28168471  -5.15575777  -2.57019874   4.42733144  -9.94285789   1.21094103   0.55466084]

0
[-26.43056707   3.6156329    0.23859056  -5.68747468  -6.88400057  -2.51767792   0.96958792  -0.20480724  -3.49344411   4.00993462]

0
[-18.45285638   2.80330486   3.5998619    3.16417333   4.48935853   3.34110927   2.72725231   1.45336454   1.31637362  -4.74845598]

1
[ 18.6252215  -18.71723465   1.53650286  -6.91797237  -3.94603056  15.10053569  -2.77023946  -1.11476926  -1.80548642   8.56566313]

1
[29.28074948  1.77618318  6.6550462  -8.17530632  4.83967181 -4.64148769 -8.72677607  3.24342512  6.11700912  4.86129455]

1
[ 28.98672477  11.01861222   1.8839011  -16.86627025   3.20180596  -2.2877468   -9.13459171  -1.70676203  -0.41896885  -0.89494916]

1
[32.0611541  14.28300157  6.18571582 -6.13049472  3.06907007  2.28758398 -5.80223654 -0.17730019  3.17623034  1.30404409]

1
[26.59203903 20.32788727 -2.67519707 -7.0541553   2.37702981 -0.96361144 -1.0369639  -5.07342069 -0.96094258 -0.52257657]

0
[-23.50120454   0.27818185  -1.41869308   7.11017238   2.54622903   2.35831264  -3.85961606  -4.65702318  -1.37075654  -1.96307061]

1
[23.62596975 19.34098507 -0.35950433 -9.10696223  4.71625827  3.02602755 -1.20844079 -8.64427695  0.73137308 -2.1302347 ]

0
[-13.00393944   2.98237585  -7.99714609  10.34503316   3.3274765  -8.46117626  -1.38677224  -7.98683972   4.86105901  -2.54038866]

0
[-22.07185561   3.35646607   5.8749849  -12.5293533    2.74707016  -1.62696446   2.6538946    4.4620575    4.46442723   0.90118922]

1
[ 10.94823665 -28.40079023   2.86706772  -1.59254342  -6.7186468   8.35253018 -10.01981283   6.0398934    2.65183295  -1.55445966]

0
[-21.18178112   2.44189834  -0.73044951  -5.72662491   6.53448166   0.3842168   -5.10503147   5.6148508    2.57407927   0.56101841]

1
[  4.98104558 -34.89955954   4.68552121  -2.52440057  -1.74815734   5.86902198  -6.79244121   1.41109133  -2.70074713  -6.35277768]

0
[-18.45002097   2.15016425   4.20097428  -9.68051848   2.55753527   7.08038125   5.32546186   4.01304085  10.74359308  -4.41687715]

1
[ 1.38506998e+01 -3.56503800e+01  3.72400658e+00  3.22282450e+00 -2.69934199e+00  8.19844489e+00  1.36544801e+00  1.61806073e+00 -3.86437186e+00 -2.17888578e-03]

0
[-19.81197054   4.36414264   5.51635833  -5.89430155  11.25109777   3.27631782  -1.89293454   2.56348284  -3.25660582   0.11643971]

0
[-20.81029771   3.93486836   3.79341241  -3.90274197   9.10763192   1.13817395  -5.43878535   2.32635601  -4.6656245   -0.99057546]

1
[  2.73798925 -37.23320233   4.68089565   2.68151974   3.32084607   6.40687438   2.89259477  -2.76135528  -4.1392256   -7.01849084]

1
[ -0.12006874 -36.41893298   7.09641873  -3.25573258   4.36852567   1.67560412   2.06148469  -6.13637759  -7.54606434 -10.49963239]

0
[-23.50896379   2.06370088   1.96865764  -3.81994911   3.91560715   1.66707747  -1.62738678   3.29955837   1.49176776  -0.89707664]

0
[-21.11847517   3.63627748   4.59094653  -5.80173108   6.14858433   1.4882919   -0.02681247   4.82712675   0.7957852   -0.64452155]

0
[-28.57204127   3.74246251   3.52027537   2.59348982   8.81339843   1.15492472   1.46042518  12.85884781  -3.85498193  -0.27151471]

1
[ -0.22678405 -33.17994209   8.36630386  -0.8299363    0.88947812   9.22823999  -6.73804177   3.95339393  -2.48210879 -10.72706969]

1
[ -0.47687054 -33.88260857   7.72943092  -1.34016385   1.31506511   8.4347712   -6.78431039   4.35223964  -0.14107413 -11.86551695]

0
[-28.35988311   3.25232397  -0.44629682  -4.71042167   2.69946406  -2.73650739  -6.02159004  10.36098781  -2.57327192   4.89048704]

0
[-27.75514947   3.90185351   5.5453724    0.68751024   4.91933703   1.68327942  -3.4252332   12.81283908  -7.08940236  -1.24657591]

0
[-22.35660874   1.77123895   0.8834734   -7.39980334   5.40840754  -2.36463676   0.84323983   0.18062814   0.79018917  -1.33679208]

1
[ -5.54165608 -34.47933091   8.77791698  -1.74104049   2.38650781   8.47826479  -4.32838231   2.91890899  -1.39465427 -16.69239897]

1
[  6.99408963 -29.22255894   3.61529669  -6.78293592  -4.4292665   2.09966038 -12.71911855   9.04705566   1.33069344  -1.66175417]

1
[ 15.03741873 -35.81970167   5.8287377    5.41230671  -1.32513077   7.81886411   3.11286817   2.51154462  -2.99668205  -0.1715885 ]

1
[  4.2921894  -35.68669461   6.54763827  -3.87195276   1.59077872   2.77753771  -1.81076816  -1.88543624  -5.23261869  -8.96061232]

1
[ -5.20286403 -34.99449333   7.25373683  -4.41850038   3.54723072   4.05258202   0.18449864  -7.2363925   -4.1986405  -12.74958662]

0
[-21.16704679   2.43203925   6.1951639   -4.1950672   11.84105856   1.2566756   -1.21549005   4.5901773   -5.43271552  -1.76972172]

1
[  2.0962831  -34.0694409    6.09618048  -2.64675646  -6.18370745   5.25857367  -7.90896533   6.57836917   2.07474836 -11.19807315]

0
[-23.40844837   4.03311368   1.83233391  -8.03526612  -1.94835732  -3.07981031  -1.87655596   1.70422143  -1.59800274   1.39175457]

0
[-22.08199573   1.34537839  -6.62864114   8.15999737   1.44497115  -0.97907753  -2.52489994  -2.60370189   4.03739973   2.70250877]

1
[30.02520832  6.75581409 -2.67108815 -5.98929527  0.21779297  4.12467433 -6.07763626 -6.08455074 -5.02372849  1.11395874]

0
[-18.04475361   0.3815311   -3.05884808   9.85945644   4.97550335  -0.25265383  -0.07748     -6.34283586   1.92775087   0.54397041]

1
[22.4180565  17.637054   -5.89440952 -2.11858384 -4.09703014 13.67022165 -1.70958733 -1.50511667 -5.14088225  0.64375199]

0
[-18.8014696    4.84829855  -5.72176614   5.56413243  -2.42118618  -2.73999891  -3.86249134  -5.4726578    1.44026507   4.67613569]

1
[ 17.38658802  20.29264667 -10.49981543   0.37506076  -0.73840684  12.77135718   6.41231272  -4.45254309  -6.0583253    1.05862348]

0
[ -1.14008943   1.76705746  -9.29001689   7.37559372  -1.61784584  -5.79119135  -6.35019405 -13.64332683  -2.14445574   2.36336422]

0
[-22.29019118   3.86975334  -0.35179568   4.90034851   2.69988902   0.2099606    6.05414416  -2.50720058   0.62284831  -1.19498425]

1
[ 31.93559681   9.86231374   5.00988329 -15.86820577   2.33645788  -1.9079243   -9.30497919  -3.64455581   1.39663175   3.66749328]

1
[ 27.75190787  14.74105733  -3.21714574 -12.29299576   6.17560638  -0.44028243   0.31199603  -5.91931644  -0.7179903   -3.88186825]

0
[ -4.93374023   4.39947709  -8.02135218  15.62512624   4.96044145  -3.11284482  -5.51168302 -12.27276791   5.27997411  -0.76145277]

0
[-13.78350335   0.33114945  -1.34517635  -2.64068513  -2.86577367 -16.59152658   8.10804696 -10.18637621  -1.97721987   3.06320539]

0
[-11.70458026   0.70280094   0.12673973   8.31615538  14.66999035  -1.34071031   4.18655589  -6.9452513    5.75312126  -0.08338126]

1
[ 25.00145849  15.01262907  -6.10156447  -2.4403654    1.36008279   8.28551249   3.64182863 -10.37807171  -7.36058418   2.149781  ]

1
[29.64966051 15.06545703 -1.24421945 -3.83065149  4.5063817  -2.47823423 -2.0768296  -7.0937162   0.20797159  2.91363765]

0
[ -7.1464283   -1.84820283  -6.84766552  14.26788316   7.80820974   2.94536129  -4.38530267 -10.03444489   1.80023248   2.01359044]

0
[-28.67640244   1.34128091  -0.69824482   1.84728667   0.78406208   3.87637006   6.09134661   6.1799688    5.90929595   1.83145878]

1
[ 29.31622039  15.25968223   0.52335288 -10.96604451   5.80012594   2.12616901  -3.28517308  -7.45193312  -1.74617998  -2.43880279]

1
[ 28.62450265   9.13523448   6.95477779 -19.51446547   5.15826368  -1.14303305  -1.50403906  -7.68678948  -2.41554554   0.90332569]

1
[ 34.66562503   7.60016345   5.343191   -13.3498123    4.35411475  -1.42231201  -7.33207683  -3.86284543  -0.32642587   3.39399892]

1
[32.34732876 12.33232581 -0.84884302 -8.42821552  4.17506759 -0.33435872 -7.66203188 -1.79204874  1.13616804  0.81518919]

1
[ 3.21349859e+01  9.60907075e+00  2.77654858e+00 -1.36857120e+01  1.54133823e+00 -6.01133704e+00 -1.04997973e+01 -3.51310049e+00 -1.20594866e-02  2.80668912e+00]

0
[-1.67702093e+01 -4.77663631e+00 -6.89867063e+00  9.63791345e+00  3.59329178e-03  6.77990608e-02 -6.70818886e+00 -8.53609915e+00  3.74800865e+00  1.78226850e+00]

1
[ 30.67420724   6.52088397   4.53258352 -15.50865929   2.20104252  -2.6671606   -9.86497786  -3.91173977   0.77362214   3.69660924]

0
[-22.27270163  -3.27058169  -3.707909    -3.06801823  -4.18835183   0.52686631  -0.18244375  -4.14833632   5.21196006  -0.18125249]

0
[-22.01442659   4.76258748   2.94760517  -1.69464153   1.97382613   3.63577783  -5.35944015   4.33049331  -2.81576503  -1.79680212]

1
[16.73135694  8.80397676 -3.70507712 13.21666158 -4.3007667  12.08677483  7.02845042  7.69737313  6.73607217  0.51191714]

0
[-22.54800257   4.58103537   2.04208349   1.38061729   5.54583732   1.90846994  -7.91301981   1.73808696  -3.43411844   2.27875794]

1
[ 22.15495845   1.82860561 -16.19304515   8.66779942  -0.18170678   2.44964619   6.90898518   2.24549379   3.0902639    0.54269288]

0
[-20.00445903   6.68022863   1.36200868   4.57444679   2.35401105   0.32099057  -6.91786554  -0.25173659 -12.48304986   0.10436194]

1
[18.29657927 14.36818769 -0.63171725  9.64004878 -1.98443523  5.65943481 -0.69418955 -1.15728802 -2.23201413  4.28717293]

0
[-25.55810551   4.50803595   1.15028782  -1.51162157  -4.19436963  -1.19058768   0.63391382   2.0424741    3.12053353   4.22236982]

0
[-19.5050151    3.16075483  -6.48675419   8.37769262  -3.87792284  -3.41202833  -1.72488806  -5.19322877   3.60694109   1.59932175]

1
[21.98959659  3.91029008 -4.90300937 13.72219661  0.599128    5.30881062  3.84675171  9.00674384  7.83724088  0.95238634]

1
[ 24.96836433   7.5579238  -10.55449676   2.241357     1.34470619   0.92221246   2.56428534   6.05953738  -1.94431572  -2.12429363]

0
[-23.59084955   6.2895514   -6.04394106   1.80318457  -5.49397099   0.14281416  -5.91063174   4.50852785  -4.39603169   3.14394338]

0
[-23.65698871   1.91376691   2.62180727   1.46522667  -4.2461981  -3.24176366   6.55232051  -3.17640449  -0.106481    -2.12627118]

0
[-15.43706517   8.68862895 -11.43496258   2.93003127  -5.87279498  -1.4238663   -6.75300767   0.73422926  -5.38712107   1.83524492]

1
[22.04850629 10.83823837 -3.28653573  6.31772684 -6.8815357  -3.40412725  8.03096778  3.13851977 -2.72045649  4.69571972]

1
[ 18.73743328  14.99229542 -16.40734801   6.96334068  -2.89637542  -3.97115792  -0.37905296   6.84687543  -9.94730981  -2.42095204]

0
[-21.17429254   5.62298743  -2.66904631  -0.86081497  -4.8719695   0.8118612   -6.02701045   1.49263522  -7.24781595   2.91361566]

0
[-23.34080881   8.06409341  -5.00672019  -1.02261292  -5.52257813  -0.07923634   3.10758892  -2.34343501  -2.35624697   4.91272162]

0
[-20.00649931   7.01487534  -1.88894072   2.41391373   0.27797928  -1.36701968  -8.17984847   3.684614   -10.26277425   1.93408311]

1
[ 14.77382853   5.16927528 -16.91085751  16.02080361  -6.68524961  -0.037206    -2.61987004   6.37547779  -7.58524234   1.74023239]

1
[ 23.46951794  -6.4237718   -7.7696498    1.43237464  -7.07558666  -2.81021521 -12.10166635   0.60072604   1.92208387  -2.57196172]

1
[ 22.70104247   6.81778114 -16.44871651  -0.17901391  -2.96321478 -10.27209357  -2.5473641    9.26062509   0.44342858  -6.68954369]

1
[23.23874691  9.99327157 -8.81577132  9.94944521  1.36830992  3.52057037  4.52625461  0.49443044  0.03140741  2.63430773]

1
[ 17.07188335   3.99576108 -16.04350219  13.21702521  -4.90114796  -2.30541207   1.01362763   6.35302433  -2.40412099  -0.62450173]

0
[-11.30249199  12.70038879  -0.89638029  11.1583678   10.77808221   1.95179752   0.59139965  -3.85620713   1.41731513  -0.91911366]

1
[ 17.69438032   4.98647743 -15.91874413  10.34210969  -5.79538992  -6.58565709  -2.31872641   5.55206056  -1.8481533   -2.97539088]

0
[-23.25253527   1.14235758  -9.17561739   9.19853449  -8.52172949  -3.21376564  -2.54146237   3.30419421   7.51698316   0.52494532]

