X Y1 Y2
0 0.233172 0.287882
1 0.215852 0.255194
2 0.193068 0.233171
3 0.167753 0.212392
4 0.146504 0.184604
5 0.130872 0.146167
6 0.117087 0.103141
7 0.099965 0.0653589
8 0.0767034 0.0388931
9 0.0514719 0.0234012
10 0.0312322 0.0149053
11 0.018711 0.0101109
12 0.0118164 0.00723803
13 0.00797741 0.00540992
14 0.00570962 0.00418475
15 0.00428121 0.00332758
16 0.0033294 0.00270618
17 0.00266487 0.00224219
18 0.00218283 0.00188702
19 0.00182197 0.00160936
20 0.00154469 0.00138833
21 0.00132689 0.00120959
22 0.00115261 0.00106307
23 0.00101089 0.000941494
24 0.000894051 0.000839529
25 0.000796547 0.000753192
26 0.000714307 0.000679456
27 0.000644283 0.000615993
28 0.000584153 0.000560985
29 0.000532126 0.000512999
30 0.0004868 0.000470892
31 0.000447065 0.000433746
32 0.000412033 0.000400811
33 0.000380985 0.000371477
34 0.000353337 0.000345239
35 0.000328608 0.000321676
36 0.000306399 0.000300438
37 0.000286376 0.00028123
38 0.000268262 0.000263801
39 0.000251821 0.000247939
40 0.00023685 0.000233462
41 0.000223181 0.000220213
42 0.000210665 0.000208058
43 0.000199176 0.000196879
44 0.000188605 0.000186576
45 0.000178855 0.000177059
46 0.000169844 0.00016825
47 0.000161499 0.000160081
48 0.000153755 0.000152492
49 0.000146557 0.000145428
50 0.000139853 0.000138843
51 0.0001336 0.000132695
52 0.000127757 0.000126945
53 0.00012229 0.00012156
54 0.000117167 0.00011651
55 0.00011236 0.000111768
56 0.000107843 0.000107309
57 0.000103594 0.000103111
58 9.95907e-05 9.91542e-05
59 9.58156e-05 9.54204e-05
60 9.22513e-05 9.18933e-05
61 8.88825e-05 8.85578e-05
62 8.5695e-05 8.54004e-05
63 8.26761e-05 8.24086e-05
64 7.98141e-05 7.95711e-05
65 7.70982e-05 7.68773e-05
66 7.45188e-05 7.43179e-05
67 7.20667e-05 7.1884e-05
68 6.97338e-05 6.95675e-05
69 6.75124e-05 6.73611e-05
70 6.53955e-05 6.52578e-05
71 6.33767e-05 6.32514e-05
72 6.145e-05 6.1336e-05
73 5.96099e-05 5.95062e-05
74 5.78512e-05 5.77569e-05
75 5.61693e-05 5.60835e-05
76 5.45597e-05 5.44818e-05
77 5.30183e-05 5.29475e-05
78 5.15413e-05 5.14771e-05
79 5.01252e-05 5.00671e-05
80 4.87667e-05 4.87141e-05
81 4.74627e-05 4.74151e-05
82 4.62103e-05 4.61674e-05
83 4.50069e-05 4.49682e-05
84 4.38498e-05 4.38151e-05
85 4.27368e-05 4.27057e-05
86 4.16657e-05 4.16378e-05
87 4.06343e-05 4.06095e-05
88 3.96408e-05 3.96188e-05
89 3.86833e-05 3.86638e-05
90 3.776e-05 3.77429e-05
91 3.68694e-05 3.68545e-05
92 3.60099e-05 3.59971e-05
93 3.51802e-05 3.51692e-05
94 3.43788e-05 3.43695e-05
95 3.36045e-05 3.35967e-05
96 3.2856e-05 3.28497e-05
97 3.21323e-05 3.21273e-05
98 3.14322e-05 3.14284e-05
99 3.07548e-05 3.07521e-05
100 3.0099e-05 3.00974e-05
101 2.9464e-05 2.94633e-05
102 2.88488e-05 2.8849e-05
103 2.82527e-05 2.82538e-05
104 2.76749e-05 2.76767e-05
105 2.71147e-05 2.71171e-05
106 2.65713e-05 2.65744e-05
107 2.6044e-05 2.60477e-05
108 2.55323e-05 2.55365e-05
109 2.50355e-05 2.50402e-05
110 2.45531e-05 2.45582e-05
111 2.40845e-05 2.409e-05
112 2.36292e-05 2.36351e-05
113 2.31866e-05 2.31929e-05
114 2.27564e-05 2.27629e-05
115 2.23381e-05 2.23449e-05
116 2.19311e-05 2.19382e-05
117 2.15352e-05 2.15425e-05
118 2.11499e-05 2.11574e-05
119 2.07749e-05 2.07825e-05
120 2.04097e-05 2.04175e-05
121 2.00541e-05 2.00621e-05
122 1.97077e-05 1.97158e-05
123 1.93702e-05 1.93784e-05
124 1.90413e-05 1.90496e-05
125 1.87207e-05 1.87291e-05
126 1.84081e-05 1.84166e-05
127 1.81033e-05 1.81118e-05
128 1.7806e-05 1.78145e-05
129 1.75159e-05 1.75245e-05
130 1.72329e-05 1.72415e-05
131 1.69567e-05 1.69653e-05
132 1.6687e-05 1.66957e-05
133 1.64238e-05 1.64325e-05
134 1.61667e-05 1.61754e-05
135 1.59156e-05 1.59243e-05
136 1.56704e-05 1.5679e-05
137 1.54307e-05 1.54393e-05
138 1.51965e-05 1.52051e-05
139 1.49676e-05 1.49762e-05
140 1.47438e-05 1.47524e-05
141 1.4525e-05 1.45335e-05
142 1.4311e-05 1.43195e-05
143 1.41018e-05 1.41102e-05
144 1.3897e-05 1.39055e-05
145 1.36968e-05 1.37051e-05
146 1.35008e-05 1.35091e-05
147 1.33089e-05 1.33172e-05
148 1.31212e-05 1.31294e-05
149 1.29374e-05 1.29455e-05
150 1.27574e-05 1.27655e-05
151 1.25811e-05 1.25892e-05
152 1.24085e-05 1.24165e-05
153 1.22394e-05 1.22473e-05
154 1.20737e-05 1.20816e-05
155 1.19114e-05 1.19192e-05
156 1.17523e-05 1.17601e-05
157 1.15964e-05 1.16041e-05
158 1.14436e-05 1.14512e-05
159 1.12938e-05 1.13013e-05
160 1.11469e-05 1.11543e-05
161 1.10028e-05 1.10102e-05
162 1.08615e-05 1.08688e-05
163 1.07229e-05 1.07302e-05
164 1.0587e-05 1.05942e-05
165 1.04536e-05 1.04607e-05
166 1.03227e-05 1.03298e-05
167 1.01943e-05 1.02013e-05
168 1.00682e-05 1.00752e-05
169 9.94451e-06 9.95137e-06
170 9.82304e-06 9.82985e-06
171 9.70379e-06 9.71053e-06
172 9.5867e-06 9.59337e-06
173 9.47171e-06 9.47831e-06
174 9.35878e-06 9.36532e-06
175 9.24785e-06 9.25433e-06
176 9.13889e-06 9.1453e-06
177 9.03184e-06 9.03818e-06
178 8.92666e-06 8.93294e-06
179 8.8233e-06 8.82952e-06
180 8.72173e-06 8.72788e-06
181 8.6219e-06 8.62799e-06
182 8.52378e-06 8.52981e-06
183 8.42732e-06 8.43329e-06
184 8.33249e-06 8.33839e-06
185 8.23925e-06 8.24509e-06
186 8.14757e-06 8.15335e-06
187 8.0574e-06 8.06313e-06
188 7.96873e-06 7.97439e-06
189 7.88151e-06 7.88711e-06
190 7.79572e-06 7.80126e-06
191 7.71131e-06 7.7168e-06
192 7.62827e-06 7.6337e-06
193 7.54657e-06 7.55194e-06
194 7.46617e-06 7.47149e-06
195 7.38705e-06 7.39231e-06
196 7.30917e-06 7.31438e-06
197 7.23253e-06 7.23768e-06
198 7.15708e-06 7.16218e-06
199 7.0828e-06 7.08785e-06
200 7.00968e-06 7.01467e-06
201 6.93768e-06 6.94262e-06
202 6.86679e-06 6.87168e-06
203 6.79697e-06 6.80181e-06
204 6.72822e-06 6.73301e-06
205 6.6605e-06 6.66524e-06
206 6.5938e-06 6.59849e-06
207 6.5281e-06 6.53274e-06
208 6.46337e-06 6.46796e-06
209 6.3996e-06 6.40415e-06
210 6.33677e-06 6.34127e-06
211 6.27486e-06 6.27931e-06
212 6.21386e-06 6.21826e-06
213 6.15373e-06 6.15809e-06
214 6.09448e-06 6.09879e-06
215 6.03608e-06 6.04035e-06
216 5.97851e-06 5.98274e-06
217 5.92176e-06 5.92595e-06
218 5.86582e-06 5.86996e-06
219 5.81066e-06 5.81476e-06
220 5.75628e-06 5.76034e-06
221 5.70266e-06 5.70668e-06
222 5.64979e-06 5.65376e-06
223 5.59764e-06 5.60158e-06
224 5.54622e-06 5.55011e-06
225 5.4955e-06 5.49935e-06
226 5.44547e-06 5.44928e-06
227 5.39612e-06 5.3999e-06
228 5.34744e-06 5.35118e-06
229 5.29942e-06 5.30312e-06
230 5.25204e-06 5.2557e-06
231 5.20529e-06 5.20891e-06
232 5.15916e-06 5.16275e-06
233 5.11364e-06 5.1172e-06
234 5.06873e-06 5.07225e-06
235 5.0244e-06 5.02788e-06
236 4.98065e-06 4.9841e-06
237 4.93747e-06 4.94088e-06
238 4.89485e-06 4.89823e-06
239 4.85277e-06 4.85612e-06
240 4.81124e-06 4.81456e-06
241 4.77024e-06 4.77352e-06
242 4.72976e-06 4.73301e-06
243 4.68979e-06 4.69301e-06
244 4.65033e-06 4.65352e-06
245 4.61137e-06 4.61452e-06
246 4.57289e-06 4.57601e-06
247 4.53489e-06 4.53798e-06
248 4.49736e-06 4.50042e-06
249 4.46029e-06 4.46333e-06
